0 0.515977 0.343174 0.000977 0.000977
0 0.512979 0.330439 0.000977 0.000977
0 0.512979 0.319209 0.000977 0.000977
0 0.519717 0.310977 0.000977 0.000977
0 0.526826 0.305352 0.000977 0.000977
0 0.528330 0.293369 0.000977 0.000977
0 0.525332 0.290752 0.000977 0.000977
0 0.518594 0.284014 0.000977 0.000977
0 0.525703 0.276152 0.000977 0.000977
0 0.521211 0.266416 0.000977 0.000977
0 0.581123 0.192275 0.000977 0.000977
0 0.563154 0.210254 0.000977 0.000977
0 0.551543 0.219609 0.000977 0.000977
0 0.542559 0.225225 0.000977 0.000977
0 0.536563 0.199014 0.000977 0.000977
0 0.532822 0.203506 0.000977 0.000977
0 0.527959 0.215117 0.000977 0.000977
0 0.518594 0.220732 0.000977 0.000977
0 0.508105 0.233086 0.000977 0.000977
0 0.510732 0.203887 0.000977 0.000977
0 0.508105 0.212500 0.000977 0.000977
0 0.503242 0.219609 0.000977 0.000977
0 0.500625 0.227852 0.000977 0.000977
0 0.496123 0.239834 0.000977 0.000977
0 0.493135 0.250693 0.000977 0.000977
0 0.494258 0.214746 0.000977 0.000977
0 0.490137 0.226729 0.000977 0.000977
0 0.486768 0.238711 0.000977 0.000977
0 0.486396 0.249941 0.000977 0.000977
0 0.483770 0.260420 0.000977 0.000977
0 0.482646 0.271279 0.000977 0.000977
0 0.379668 0.431426 0.000977 0.000977
0 0.364521 0.430068 0.000977 0.000977
0 0.501367 0.459619 0.000977 0.000977
0 0.490508 0.467109 0.000977 0.000977
0 0.482275 0.470479 0.000977 0.000977
0 0.570264 0.531885 0.000977 0.000977
0 0.609951 0.204629 0.000977 0.000977
0 0.611074 0.212119 0.000977 0.000977
0 0.604336 0.225605 0.000977 0.000977
0 0.598721 0.216992 0.000977 0.000977
0 0.597227 0.224854 0.000977 0.000977
0 0.584863 0.212500 0.000977 0.000977
0 0.591611 0.220732 0.000977 0.000977
0 0.594980 0.208750 0.000977 0.000977
0 0.595352 0.194150 0.000977 0.000977
0 0.591230 0.201641 0.000977 0.000977
0 0.575508 0.209131 0.000977 0.000977
0 0.566523 0.221113 0.000977 0.000977
0 0.571016 0.227852 0.000977 0.000977
0 0.572891 0.233467 0.000977 0.000977
0 0.561650 0.232344 0.000977 0.000977
0 0.562402 0.242451 0.000977 0.000977
0 0.566895 0.249189 0.000977 0.000977
0 0.568389 0.253682 0.000977 0.000977
0 0.553418 0.243574 0.000977 0.000977
0 0.559033 0.257432 0.000977 0.000977
0 0.560908 0.262666 0.000977 0.000977
0 0.559785 0.272783 0.000977 0.000977
0 0.557539 0.286260 0.000977 0.000977
0 0.556406 0.298242 0.000977 0.000977
0 0.555664 0.316211 0.000977 0.000977
0 0.556406 0.323330 0.000977 0.000977
0 0.549297 0.326328 0.000977 0.000977
0 0.541436 0.328945 0.000977 0.000977
0 0.538066 0.337559 0.000977 0.000977
0 0.531699 0.333809 0.000977 0.000977
0 0.532451 0.324072 0.000977 0.000977
0 0.544053 0.317334 0.000977 0.000977
0 0.542559 0.308721 0.000977 0.000977
0 0.545557 0.299736 0.000977 0.000977
0 0.547803 0.289258 0.000977 0.000977
0 0.544434 0.283643 0.000977 0.000977
0 0.545557 0.270156 0.000977 0.000977
0 0.550420 0.275029 0.000977 0.000977
0 0.550791 0.262666 0.000977 0.000977
0 0.552295 0.252559 0.000977 0.000977
0 0.542930 0.254063 0.000977 0.000977
0 0.540312 0.261172 0.000977 0.000977
0 0.533945 0.269785 0.000977 0.000977
0 0.530947 0.267539 0.000977 0.000977
0 0.538438 0.276523 0.000977 0.000977
0 0.538066 0.240205 0.000977 0.000977
0 0.537314 0.246572 0.000977 0.000977
0 0.529824 0.251816 0.000977 0.000977
0 0.519717 0.254805 0.000977 0.000977
0 0.514473 0.249561 0.000977 0.000977
0 0.515977 0.238330 0.000977 0.000977
0 0.683721 0.369756 0.000977 0.000977
0 0.665371 0.377998 0.000977 0.000977
0 0.670234 0.385859 0.000977 0.000977
0 0.651143 0.373125 0.000977 0.000977
0 0.640654 0.364141 0.000977 0.000977
0 0.634297 0.360400 0.000977 0.000977
0 0.621191 0.351035 0.000977 0.000977
0 0.614072 0.347295 0.000977 0.000977
0 0.599092 0.346914 0.000977 0.000977
0 0.584121 0.343926 0.000977 0.000977
0 0.590488 0.352158 0.000977 0.000977
0 0.607705 0.360400 0.000977 0.000977
0 0.623437 0.364893 0.000977 0.000977
0 0.636543 0.372002 0.000977 0.000977
0 0.645898 0.383613 0.000977 0.000977
0 0.659375 0.386982 0.000977 0.000977
0 0.684092 0.408701 0.000977 0.000977
0 0.694199 0.418438 0.000977 0.000977
0 0.699814 0.405332 0.000977 0.000977
0 0.654512 0.397461 0.000977 0.000977
0 0.668369 0.411318 0.000977 0.000977
0 0.681475 0.417686 0.000977 0.000977
0 0.689707 0.427793 0.000977 0.000977
0 0.686338 0.445771 0.000977 0.000977
0 0.677725 0.435283 0.000977 0.000977
0 0.668369 0.427041 0.000977 0.000977
0 0.653389 0.412441 0.000977 0.000977
0 0.638789 0.401211 0.000977 0.000977
0 0.624932 0.392598 0.000977 0.000977
0 0.610332 0.382861 0.000977 0.000977
0 0.593857 0.376494 0.000977 0.000977
0 0.583740 0.373125 0.000977 0.000977
0 0.588984 0.368262 0.000977 0.000977
0 0.600596 0.371631 0.000977 0.000977
0 0.614824 0.377998 0.000977 0.000977
0 0.630918 0.385107 0.000977 0.000977
0 0.639912 0.389600 0.000977 0.000977
0 0.593477 0.392969 0.000977 0.000977
0 0.603965 0.400459 0.000977 0.000977
0 0.618193 0.410195 0.000977 0.000977
0 0.634297 0.424795 0.000977 0.000977
0 0.644023 0.433408 0.000977 0.000977
0 0.651514 0.445391 0.000977 0.000977
0 0.658252 0.454375 0.000977 0.000977
0 0.642529 0.419180 0.000977 0.000977
0 0.653018 0.425176 0.000977 0.000977
0 0.659375 0.436035 0.000977 0.000977
0 0.668369 0.442021 0.000977 0.000977
0 0.673984 0.453633 0.000977 0.000977
0 0.617822 0.426299 0.000977 0.000977
0 0.620439 0.433789 0.000977 0.000977
0 0.622686 0.437158 0.000977 0.000977
0 0.627178 0.443516 0.000977 0.000977
0 0.634668 0.455498 0.000977 0.000977
0 0.638789 0.462246 0.000977 0.000977
0 0.645527 0.474971 0.000977 0.000977
0 0.650020 0.482832 0.000977 0.000977
0 0.638037 0.449883 0.000977 0.000977
0 0.650771 0.463740 0.000977 0.000977
0 0.657129 0.474971 0.000977 0.000977
0 0.647402 0.456621 0.000977 0.000977
0 0.615195 0.221484 0.000977 0.000977
0 0.625303 0.221113 0.000977 0.000977
0 0.629424 0.222979 0.000977 0.000977
0 0.615566 0.233838 0.000977 0.000977
0 0.604336 0.235713 0.000977 0.000977
0 0.599844 0.243574 0.000977 0.000977
0 0.609580 0.245068 0.000977 0.000977
0 0.619687 0.245068 0.000977 0.000977
0 0.594980 0.235713 0.000977 0.000977
0 0.589365 0.245068 0.000977 0.000977
0 0.578506 0.245068 0.000977 0.000977
0 0.586367 0.233467 0.000977 0.000977
0 0.645527 0.247695 0.000977 0.000977
0 0.658633 0.236084 0.000977 0.000977
0 0.645898 0.233086 0.000977 0.000977
0 0.624932 0.249189 0.000977 0.000977
0 0.618564 0.257803 0.000977 0.000977
0 0.603965 0.254805 0.000977 0.000977
0 0.593105 0.255186 0.000977 0.000977
0 0.582998 0.257803 0.000977 0.000977
0 0.577383 0.271279 0.000977 0.000977
0 0.592734 0.269414 0.000977 0.000977
0 0.599844 0.267539 0.000977 0.000977
0 0.611074 0.265664 0.000977 0.000977
0 0.623809 0.265664 0.000977 0.000977
0 0.633916 0.267910 0.000977 0.000977
0 0.646650 0.268662 0.000977 0.000977
0 0.659004 0.274277 0.000977 0.000977
0 0.672109 0.279141 0.000977 0.000977
0 0.669111 0.294873 0.000977 0.000977
0 0.656387 0.288135 0.000977 0.000977
0 0.644404 0.283643 0.000977 0.000977
0 0.632051 0.278398 0.000977 0.000977
0 0.615566 0.275771 0.000977 0.000977
0 0.598721 0.275771 0.000977 0.000977
0 0.583369 0.275771 0.000977 0.000977
0 0.592734 0.290752 0.000977 0.000977
0 0.599473 0.290752 0.000977 0.000977
0 0.615947 0.291504 0.000977 0.000977
0 0.633916 0.291875 0.000977 0.000977
0 0.646650 0.297490 0.000977 0.000977
0 0.660879 0.299736 0.000977 0.000977
0 0.668369 0.305352 0.000977 0.000977
0 0.676230 0.311719 0.000977 0.000977
0 0.664619 0.319580 0.000977 0.000977
0 0.653760 0.313965 0.000977 0.000977
0 0.641777 0.310977 0.000977 0.000977
0 0.629424 0.305352 0.000977 0.000977
0 0.618945 0.302363 0.000977 0.000977
0 0.611074 0.300117 0.000977 0.000977
0 0.600967 0.298994 0.000977 0.000977
0 0.587861 0.300488 0.000977 0.000977
0 0.579248 0.299736 0.000977 0.000977
0 0.574756 0.306855 0.000977 0.000977
0 0.585244 0.307979 0.000977 0.000977
0 0.600215 0.311348 0.000977 0.000977
0 0.612197 0.313965 0.000977 0.000977
0 0.622686 0.314717 0.000977 0.000977
0 0.632793 0.317715 0.000977 0.000977
0 0.642900 0.321084 0.000977 0.000977
0 0.651895 0.327822 0.000977 0.000977
0 0.660127 0.331562 0.000977 0.000977
0 0.665742 0.335684 0.000977 0.000977
0 0.672480 0.325947 0.000977 0.000977
0 0.677725 0.340928 0.000977 0.000977
0 0.686709 0.343545 0.000977 0.000977
0 0.697568 0.354775 0.000977 0.000977
0 0.697197 0.367510 0.000977 0.000977
0 0.707686 0.364512 0.000977 0.000977
0 0.662754 0.348789 0.000977 0.000977
0 0.651895 0.340928 0.000977 0.000977
0 0.642900 0.337930 0.000977 0.000977
0 0.627930 0.330820 0.000977 0.000977
0 0.612949 0.325947 0.000977 0.000977
0 0.597969 0.323701 0.000977 0.000977
0 0.581494 0.324453 0.000977 0.000977
0 0.565020 0.325576 0.000977 0.000977
0 0.575508 0.331562 0.000977 0.000977
0 0.587109 0.331943 0.000977 0.000977
0 0.599844 0.334932 0.000977 0.000977
0 0.618564 0.338682 0.000977 0.000977
0 0.632051 0.341299 0.000977 0.000977
0 0.643281 0.348789 0.000977 0.000977
0 0.654883 0.357402 0.000977 0.000977
0 0.660879 0.361523 0.000977 0.000977
0 0.600596 0.411318 0.000977 0.000977
0 0.605459 0.421426 0.000977 0.000977
0 0.609580 0.433789 0.000977 0.000977
0 0.613320 0.439775 0.000977 0.000977
0 0.618564 0.452510 0.000977 0.000977
0 0.623437 0.464111 0.000977 0.000977
0 0.627178 0.477598 0.000977 0.000977
0 0.630176 0.487705 0.000977 0.000977
0 0.604336 0.436777 0.000977 0.000977
0 0.604336 0.447637 0.000977 0.000977
0 0.606211 0.457002 0.000977 0.000977
0 0.608086 0.475352 0.000977 0.000977
0 0.606582 0.483584 0.000977 0.000977
0 0.613701 0.455127 0.000977 0.000977
0 0.612949 0.470479 0.000977 0.000977
0 0.618945 0.480215 0.000977 0.000977
0 0.622314 0.497441 0.000977 0.000977
0 0.577754 0.454375 0.000977 0.000977
0 0.578506 0.468604 0.000977 0.000977
0 0.578877 0.480215 0.000977 0.000977
0 0.588984 0.502676 0.000977 0.000977
0 0.591982 0.512041 0.000977 0.000977
0 0.594600 0.519902 0.000977 0.000977
0 0.600596 0.536377 0.000977 0.000977
0 0.565400 0.521406 0.000977 0.000977
0 0.573262 0.518027 0.000977 0.000977
0 0.575508 0.511289 0.000977 0.000977
0 0.571387 0.509424 0.000977 0.000977
0 0.556035 0.505303 0.000977 0.000977
0 0.561650 0.500430 0.000977 0.000977
0 0.571758 0.497812 0.000977 0.000977
0 0.569893 0.482090 0.000977 0.000977
0 0.563525 0.468232 0.000977 0.000977
0 0.558281 0.456250 0.000977 0.000977
0 0.563154 0.453252 0.000977 0.000977
0 0.551543 0.447266 0.000977 0.000977
0 0.547422 0.463740 0.000977 0.000977
0 0.542930 0.477217 0.000977 0.000977
0 0.529453 0.452881 0.000977 0.000977
0 0.536191 0.441650 0.000977 0.000977
0 0.553789 0.437158 0.000977 0.000977
0 0.565020 0.443516 0.000977 0.000977
0 0.563896 0.429287 0.000977 0.000977
0 0.563525 0.419180 0.000977 0.000977
0 0.582617 0.427041 0.000977 0.000977
0 0.585986 0.434160 0.000977 0.000977
0 0.587490 0.444268 0.000977 0.000977
0 0.588984 0.456250 0.000977 0.000977
0 0.591230 0.468984 0.000977 0.000977
0 0.593857 0.477969 0.000977 0.000977
0 0.592734 0.529268 0.000977 0.000977
0 0.384551 0.492568 0.000977 0.000977
0 0.379307 0.487705 0.000977 0.000977
0 0.391660 0.491445 0.000977 0.000977
0 0.392783 0.498564 0.000977 0.000977
0 0.389414 0.452881 0.000977 0.000977
0 0.393535 0.460000 0.000977 0.000977
0 0.381553 0.449512 0.000977 0.000977
0 0.387168 0.439023 0.000977 0.000977
0 0.392783 0.451758 0.000977 0.000977
0 0.405137 0.431543 0.000977 0.000977
0 0.409639 0.422549 0.000977 0.000977
0 0.418994 0.414316 0.000977 0.000977
0 0.432852 0.441270 0.000977 0.000977
0 0.438838 0.451758 0.000977 0.000977
0 0.440342 0.460742 0.000977 0.000977
0 0.439219 0.418438 0.000977 0.000977
0 0.446699 0.432666 0.000977 0.000977
0 0.451191 0.419180 0.000977 0.000977
0 0.451943 0.429287 0.000977 0.000977
0 0.451572 0.452510 0.000977 0.000977
0 0.452314 0.479092 0.000977 0.000977
0 0.565400 0.403828 0.000977 0.000977
0 0.562402 0.389600 0.000977 0.000977
0 0.569141 0.378740 0.000977 0.000977
0 0.583369 0.381738 0.000977 0.000977
0 0.580000 0.395967 0.000977 0.000977
0 0.577002 0.405703 0.000977 0.000977
0 0.587109 0.404209 0.000977 0.000977
0 0.587861 0.415059 0.000977 0.000977
0 0.476660 0.372754 0.000977 0.000977
0 0.478154 0.385859 0.000977 0.000977
0 0.487139 0.383984 0.000977 0.000977
0 0.494629 0.373877 0.000977 0.000977
0 0.505117 0.373877 0.000977 0.000977
0 0.508857 0.387354 0.000977 0.000977
0 0.508105 0.396719 0.000977 0.000977
0 0.477031 0.256309 0.000977 0.000977
0 0.472910 0.270156 0.000977 0.000977
0 0.467295 0.266045 0.000977 0.000977
0 0.469170 0.280264 0.000977 0.000977
0 0.467676 0.255557 0.000977 0.000977
0 0.468418 0.247314 0.000977 0.000977
0 0.467295 0.240957 0.000977 0.000977
0 0.465801 0.236084 0.000977 0.000977
0 0.459062 0.236084 0.000977 0.000977
0 0.461680 0.246943 0.000977 0.000977
0 0.462432 0.254805 0.000977 0.000977
0 0.463174 0.264541 0.000977 0.000977
0 0.460928 0.275771 0.000977 0.000977
0 0.450820 0.245449 0.000977 0.000977
0 0.453818 0.255928 0.000977 0.000977
0 0.456064 0.262666 0.000977 0.000977
0 0.456816 0.275400 0.000977 0.000977
0 0.444453 0.256309 0.000977 0.000977
0 0.450449 0.264912 0.000977 0.000977
0 0.451943 0.274277 0.000977 0.000977
0 0.452314 0.287383 0.000977 0.000977
0 0.439590 0.264170 0.000977 0.000977
0 0.441836 0.276523 0.000977 0.000977
0 0.443330 0.283643 0.000977 0.000977
0 0.445205 0.292998 0.000977 0.000977
0 0.429854 0.272031 0.000977 0.000977
0 0.432852 0.282520 0.000977 0.000977
0 0.437715 0.292627 0.000977 0.000977
0 0.439219 0.300859 0.000977 0.000977
0 0.423115 0.284385 0.000977 0.000977
0 0.429482 0.293750 0.000977 0.000977
0 0.433975 0.301240 0.000977 0.000977
0 0.438096 0.308721 0.000977 0.000977
0 0.414873 0.291875 0.000977 0.000977
0 0.422363 0.298242 0.000977 0.000977
0 0.427607 0.306475 0.000977 0.000977
0 0.431729 0.310977 0.000977 0.000977
0 0.406641 0.307979 0.000977 0.000977
0 0.414131 0.310596 0.000977 0.000977
0 0.423115 0.314346 0.000977 0.000977
0 0.428730 0.317334 0.000977 0.000977
0 0.401396 0.322578 0.000977 0.000977
0 0.408135 0.322578 0.000977 0.000977
0 0.415625 0.322949 0.000977 0.000977
0 0.426855 0.323701 0.000977 0.000977
0 0.433223 0.324453 0.000977 0.000977
0 0.400645 0.332314 0.000977 0.000977
0 0.405137 0.333066 0.000977 0.000977
0 0.413379 0.333809 0.000977 0.000977
0 0.425732 0.334932 0.000977 0.000977
0 0.496689 0.403926 0.000977 0.000977
0 0.493262 0.405488 0.000977 0.000977
0 0.488262 0.391445 0.000977 0.000977
0 0.502930 0.386143 0.000977 0.000977
0 0.396904 0.339805 0.000977 0.000977
0 0.404395 0.343545 0.000977 0.000977
0 0.413750 0.343174 0.000977 0.000977
0 0.392041 0.349912 0.000977 0.000977
0 0.398779 0.351035 0.000977 0.000977
0 0.408887 0.351035 0.000977 0.000977
0 0.418994 0.352529 0.000977 0.000977
0 0.480771 0.223730 0.000977 0.000977
0 0.480400 0.232344 0.000977 0.000977
0 0.504365 0.347666 0.000977 0.000977
0 0.502119 0.352158 0.000977 0.000977
0 0.494629 0.359277 0.000977 0.000977
0 0.496875 0.364512 0.000977 0.000977
0 0.479277 0.345420 0.000977 0.000977
0 0.473662 0.345791 0.000977 0.000977
0 0.468799 0.358896 0.000977 0.000977
0 0.464297 0.371631 0.000977 0.000977
0 0.448945 0.386611 0.000977 0.000977
0 0.458311 0.382109 0.000977 0.000977
0 0.464297 0.361895 0.000977 0.000977
0 0.454941 0.359277 0.000977 0.000977
0 0.450449 0.369756 0.000977 0.000977
0 0.444453 0.378369 0.000977 0.000977
0 0.442207 0.363770 0.000977 0.000977
0 0.454941 0.345049 0.000977 0.000977
0 0.472910 0.327822 0.000977 0.000977
0 0.485273 0.316963 0.000977 0.000977
0 0.474785 0.316963 0.000977 0.000977
0 0.471416 0.296748 0.000977 0.000977
0 0.461680 0.303486 0.000977 0.000977
0 0.460928 0.293369 0.000977 0.000977
0 0.539746 0.349316 0.000977 0.000977
0 0.542871 0.356807 0.000977 0.000977
0 0.547236 0.366484 0.000977 0.000977
0 0.552852 0.367725 0.000977 0.000977
0 0.558779 0.371787 0.000977 0.000977
0 0.572510 0.367725 0.000977 0.000977
0 0.562529 0.354004 0.000977 0.000977
0 0.554102 0.339336 0.000977 0.000977
0 0.558154 0.335586 0.000977 0.000977
0 0.571260 0.346201 0.000977 0.000977
0 0.576572 0.360244 0.000977 0.000977
0 0.526016 0.342764 0.000977 0.000977
0 0.532256 0.357432 0.000977 0.000977
0 0.550986 0.387383 0.000977 0.000977
0 0.539434 0.402676 0.000977 0.000977
0 0.549424 0.411104 0.000977 0.000977
0 0.554727 0.424209 0.000977 0.000977
0 0.541309 0.417344 0.000977 0.000977
0 0.524150 0.415781 0.000977 0.000977
0 0.523838 0.427637 0.000977 0.000977
0 0.516660 0.420146 0.000977 0.000977
0 0.506357 0.412656 0.000977 0.000977
0 0.517910 0.407041 0.000977 0.000977
0 0.527578 0.399248 0.000977 0.000977
0 0.536318 0.397998 0.000977 0.000977
0 0.540312 0.210332 0.000977 0.000977
0 0.538965 0.220664 0.000977 0.000977
0 0.546152 0.213027 0.000977 0.000977
0 0.553340 0.204492 0.000977 0.000977
0 0.528184 0.232803 0.000977 0.000977
0 0.504365 0.257959 0.000977 0.000977
0 0.510654 0.262900 0.000977 0.000977
0 0.382803 0.385830 0.000977 0.000977
0 0.396846 0.386455 0.000977 0.000977
0 0.390605 0.391133 0.000977 0.000977
0 0.378740 0.395811 0.000977 0.000977
0 0.370322 0.397373 0.000977 0.000977
0 0.360020 0.407979 0.000977 0.000977
0 0.365635 0.403613 0.000977 0.000977
0 0.377188 0.399863 0.000977 0.000977
0 0.388418 0.400176 0.000977 0.000977
0 0.377188 0.408916 0.000977 0.000977
0 0.369385 0.413594 0.000977 0.000977
0 0.360645 0.420459 0.000977 0.000977
0 0.356279 0.427012 0.000977 0.000977
0 0.362832 0.414219 0.000977 0.000977
0 0.357842 0.417656 0.000977 0.000977
0 0.349414 0.481621 0.000977 0.000977
0 0.351914 0.475068 0.000977 0.000977
0 0.349727 0.470381 0.000977 0.000977
0 0.355342 0.457588 0.000977 0.000977
0 0.384922 0.361143 0.000977 0.000977
0 0.392412 0.361523 0.000977 0.000977
0 0.408887 0.361895 0.000977 0.000977
0 0.416748 0.360400 0.000977 0.000977
0 0.376309 0.377246 0.000977 0.000977
0 0.382305 0.377246 0.000977 0.000977
0 0.396904 0.375371 0.000977 0.000977
0 0.502871 0.281016 0.000977 0.000977
0 0.496875 0.290381 0.000977 0.000977
0 0.493135 0.281768 0.000977 0.000977
0 0.487139 0.293369 0.000977 0.000977
0 0.512607 0.290381 0.000977 0.000977
0 0.507734 0.300117 0.000977 0.000977
0 0.499502 0.307979 0.000977 0.000977
0 0.539453 0.203027 0.000977 0.000977
0 0.489199 0.427637 0.000977 0.000977
0 0.501680 0.392070 0.000977 0.000977
0 0.505488 0.314717 0.000977 0.000977
0 0.502490 0.321826 0.000977 0.000977
0 0.499121 0.327822 0.000977 0.000977
0 0.490137 0.330068 0.000977 0.000977
0 0.489014 0.336436 0.000977 0.000977
0 0.487520 0.342803 0.000977 0.000977
0 0.483770 0.352529 0.000977 0.000977
